
 Rigid Airport Pavement
                   FAASR3D (version 1.0 ) compiled 04/15/19
 d i s c r e t e  e l e m e n t  d a t a  f o r  t i m e   s t e p     1 ( time = 1.0000E+00 )
                matl               length
      element  number     original        current           force

          1       1      1.60000E-02     1.65309E-02     -1.06726E+02
          2       1      1.60000E-02     1.65391E-02      9.01230E+01
          3       2      1.60000E-02     1.65781E-02     -2.08336E+02
          4       2      1.60000E-02     1.65779E-02      1.91157E+02
          5       2      1.60000E-02     1.66191E-02     -2.02960E+02
          6       2      1.60000E-02     1.66225E-02      1.78151E+02
          7       2      1.60000E-02     1.66640E-02     -1.91355E+02
          8       2      1.60000E-02     1.66642E-02      1.74605E+02
          9       2      1.60000E-02     1.67051E-02     -1.92255E+02
         10       2      1.60000E-02     1.67086E-02      1.67956E+02
         11       2      1.60000E-02     1.67496E-02     -1.84779E+02
         12       2      1.60000E-02     1.67500E-02      1.68686E+02
         13       2      1.60000E-02     1.67897E-02     -1.88600E+02
         14       2      1.60000E-02     1.67935E-02      1.64597E+02
         15       2      1.60000E-02     1.68329E-02     -1.82939E+02
         16       2      1.60000E-02     1.68334E-02      1.67167E+02
         17       2      1.60000E-02     1.68709E-02     -1.88181E+02
         18       2      1.60000E-02     1.68750E-02      1.64282E+02
         19       2      1.60000E-02     1.69117E-02     -1.83507E+02
         20       2      1.60000E-02     1.69124E-02      1.67816E+02
         21       2      1.60000E-02     1.69466E-02     -1.89658E+02
         22       2      1.60000E-02     1.69512E-02      1.65587E+02
         23       2      1.60000E-02     1.69843E-02     -1.85426E+02
         24       2      1.60000E-02     1.69850E-02      1.69802E+02
         25       2      1.60000E-02     1.70154E-02     -1.92199E+02
         26       2      1.60000E-02     1.70203E-02      1.67876E+02
         27       2      1.60000E-02     1.70492E-02     -1.88187E+02
         28       2      1.60000E-02     1.70501E-02      1.72499E+02
         29       2      1.60000E-02     1.70760E-02     -1.95418E+02
         30       2      1.60000E-02     1.70812E-02      1.70588E+02
         31       2      1.60000E-02     1.71056E-02     -1.91356E+02
         32       2      1.60000E-02     1.71065E-02      1.75412E+02
         33       2      1.60000E-02     1.71276E-02     -1.98679E+02
         34       2      1.60000E-02     1.71331E-02      1.73451E+02
         35       2      1.60000E-02     1.71526E-02     -1.94385E+02
         36       2      1.60000E-02     1.71536E-02      1.78332E+02
         37       2      1.60000E-02     1.71698E-02     -2.01807E+02
         38       2      1.60000E-02     1.71756E-02      1.76282E+02
         39       2      1.60000E-02     1.71902E-02     -1.97172E+02
         40       2      1.60000E-02     1.71912E-02      1.81039E+02

 Rigid Airport Pavement
                   FAASR3D (version 1.0 ) compiled 04/15/19
 d i s c r e t e  e l e m e n t  d a t a  f o r  t i m e   s t e p     1 ( time = 1.0000E+00 )
                matl               length
      element  number     original        current           force

         41       2      1.60000E-02     1.72025E-02     -2.04548E+02
         42       2      1.60000E-02     1.72084E-02      1.78731E+02
         43       2      1.60000E-02     1.72182E-02     -1.99661E+02
         44       2      1.60000E-02     1.72192E-02      1.83302E+02
         45       2      1.60000E-02     1.72257E-02     -2.06847E+02
         46       2      1.60000E-02     1.72317E-02      1.80702E+02
         47       2      1.60000E-02     1.72367E-02     -2.01576E+02
         48       2      1.60000E-02     1.72378E-02      1.85171E+02
         49       2      1.60000E-02     1.72396E-02     -2.08425E+02
         50       2      1.60000E-02     1.72457E-02      1.82233E+02
         51       2      1.60000E-02     1.72460E-02     -2.02895E+02
         52       2      1.60000E-02     1.72471E-02      1.86466E+02
         53       2      1.60000E-02     1.72444E-02     -2.09517E+02
         54       2      1.60000E-02     1.72505E-02      1.83183E+02
         55       2      1.60000E-02     1.72465E-02     -2.03648E+02
         56       2      1.60000E-02     1.72476E-02      1.87145E+02
         57       2      1.60000E-02     1.72405E-02     -2.09962E+02
         58       2      1.60000E-02     1.72467E-02      1.83661E+02
         59       2      1.60000E-02     1.72384E-02     -2.03803E+02
         60       2      1.60000E-02     1.72395E-02      1.87287E+02
         61       2      1.60000E-02     1.72284E-02     -2.09924E+02
         62       2      1.60000E-02     1.72345E-02      1.83597E+02
         63       2      1.60000E-02     1.72222E-02     -2.03359E+02
         64       2      1.60000E-02     1.72233E-02      1.86985E+02
         65       2      1.60000E-02     1.72084E-02     -2.09136E+02
         66       2      1.60000E-02     1.72144E-02      1.83175E+02
         67       2      1.60000E-02     1.71984E-02     -2.02557E+02
         68       2      1.60000E-02     1.71995E-02      1.86244E+02
         69       2      1.60000E-02     1.71810E-02     -2.08146E+02
         70       2      1.60000E-02     1.71869E-02      1.82152E+02
         71       2      1.60000E-02     1.71675E-02     -2.01487E+02
         72       2      1.60000E-02     1.71685E-02      1.85267E+02
         73       2      1.60000E-02     1.71468E-02     -2.06662E+02
         74       2      1.60000E-02     1.71525E-02      1.81307E+02
         75       2      1.60000E-02     1.71301E-02     -2.00449E+02
         76       2      1.60000E-02     1.71311E-02      1.83994E+02
         77       2      1.60000E-02     1.71063E-02     -2.05693E+02
         78       2      1.60000E-02     1.71122E-02      1.79356E+02
         79       2      1.60000E-02     1.70875E-02     -1.96191E+02
         80       2      1.60000E-02     1.70877E-02      1.83824E+02

 Rigid Airport Pavement
                   FAASR3D (version 1.0 ) compiled 04/15/19
 d i s c r e t e  e l e m e n t  d a t a  f o r  t i m e   s t e p     1 ( time = 1.0000E+00 )
                matl               length
      element  number     original        current           force

         81       3      1.60000E-02     1.70615E-02     -3.92438E+02
         82       3      1.60000E-02     1.70657E-02      3.48927E+02
         83       4      1.60000E-02     1.71624E-02     -9.93434E+01
         84       4      1.60000E-02     1.71687E-02      8.97587E+01
         85       5      1.60000E-02     1.71648E-02     -1.91807E+02
         86       5      1.60000E-02     1.71654E-02      1.83831E+02
         87       5      1.60000E-02     1.71589E-02     -1.97900E+02
         88       5      1.60000E-02     1.71648E-02      1.79871E+02
         89       5      1.60000E-02     1.71571E-02     -1.92109E+02
         90       5      1.60000E-02     1.71582E-02      1.83160E+02
         91       5      1.60000E-02     1.71480E-02     -1.97346E+02
         92       5      1.60000E-02     1.71537E-02      1.79661E+02
         93       5      1.60000E-02     1.71425E-02     -1.91234E+02
         94       5      1.60000E-02     1.71436E-02      1.82517E+02
         95       5      1.60000E-02     1.71299E-02     -1.96538E+02
         96       5      1.60000E-02     1.71355E-02      1.78945E+02
         97       5      1.60000E-02     1.71209E-02     -1.90607E+02
         98       5      1.60000E-02     1.71219E-02      1.81880E+02
         99       5      1.60000E-02     1.71050E-02     -1.95424E+02
        100       5      1.60000E-02     1.71104E-02      1.78252E+02
        101       5      1.60000E-02     1.70926E-02     -1.89965E+02
        102       5      1.60000E-02     1.70936E-02      1.80997E+02
        103       5      1.60000E-02     1.70735E-02     -1.94916E+02
        104       5      1.60000E-02     1.70792E-02      1.76832E+02
        105       5      1.60000E-02     1.70590E-02     -1.86220E+02
        106       5      1.60000E-02     1.70592E-02      1.81345E+02
        107       6      1.60000E-02     1.70374E-02     -3.86659E+02
        108       6      1.60000E-02     1.70415E-02      3.57411E+02
        109       7      1.60000E-02     1.69906E-02     -5.74544E+02
        110       7      1.60000E-02     1.69933E-02      5.17417E+02
        111       7      1.60000E-02     1.69148E-02     -5.76004E+02
        112       7      1.60000E-02     1.69175E-02      5.20928E+02
        113       7      1.60000E-02     1.68404E-02     -5.88931E+02
        114       7      1.60000E-02     1.68428E-02      5.34544E+02
        115       7      1.60000E-02     1.67738E-02     -6.18309E+02
        116       7      1.60000E-02     1.67763E-02      5.66150E+02
        117       7      1.60000E-02     1.67246E-02     -6.83932E+02
        118       7      1.60000E-02     1.67256E-02      6.29703E+02
        119       8      1.60000E-02     1.69748E-02     -5.74209E+02
        120       8      1.60000E-02     1.69774E-02      5.37383E+02

 Rigid Airport Pavement
                   FAASR3D (version 1.0 ) compiled 04/15/19
 d i s c r e t e  e l e m e n t  d a t a  f o r  t i m e   s t e p     1 ( time = 1.0000E+00 )
                matl               length
      element  number     original        current           force

        121       8      1.60000E-02     1.69053E-02     -5.76861E+02
        122       8      1.60000E-02     1.69079E-02      5.42135E+02
        123       8      1.60000E-02     1.68354E-02     -5.90596E+02
        124       8      1.60000E-02     1.68377E-02      5.56335E+02
        125       8      1.60000E-02     1.67717E-02     -6.20598E+02
        126       8      1.60000E-02     1.67742E-02      5.88596E+02
        127       8      1.60000E-02     1.67241E-02     -6.86436E+02
        128       8      1.60000E-02     1.67251E-02      6.52282E+02
        129       9      1.60000E-02     1.66972E-02     -3.94738E+02
        130      10      1.60000E-02     1.66972E-02     -3.96026E+02
        131       9      1.60000E-02     1.67060E-02      3.39428E+02
        132      10      1.60000E-02     1.67060E-02      3.50843E+02
        133       1      1.60000E-02     1.65443E-02      6.09943E+00
        134       2      1.60000E-02     1.65852E-02      1.20506E+01
        135       2      1.60000E-02     1.66277E-02      1.20689E+01
        136       2      1.60000E-02     1.66705E-02      1.13753E+01
        137       2      1.60000E-02     1.67134E-02      1.11332E+01
        138       2      1.60000E-02     1.67558E-02      1.07135E+01
        139       2      1.60000E-02     1.67979E-02      1.06777E+01
        140       2      1.60000E-02     1.68388E-02      1.03992E+01
        141       2      1.60000E-02     1.68789E-02      1.04843E+01
        142       2      1.60000E-02     1.69174E-02      1.03006E+01
        143       2      1.60000E-02     1.69547E-02      1.04676E+01
        144       2      1.60000E-02     1.69899E-02      1.03517E+01
        145       2      1.60000E-02     1.70235E-02      1.05854E+01
        146       2      1.60000E-02     1.70548E-02      1.05006E+01
        147       2      1.60000E-02     1.70843E-02      1.07645E+01
        148       2      1.60000E-02     1.71112E-02      1.07047E+01
        149       2      1.60000E-02     1.71361E-02      1.09901E+01
        150       2      1.60000E-02     1.71584E-02      1.09399E+01
        151       2      1.60000E-02     1.71786E-02      1.12290E+01
        152       2      1.60000E-02     1.71961E-02      1.11641E+01
        153       2      1.60000E-02     1.72115E-02      1.14744E+01
        154       2      1.60000E-02     1.72242E-02      1.13828E+01
        155       2      1.60000E-02     1.72349E-02      1.16646E+01
        156       2      1.60000E-02     1.72429E-02      1.15687E+01
        157       2      1.60000E-02     1.72489E-02      1.18181E+01
        158       2      1.60000E-02     1.72523E-02      1.17178E+01
        159       2      1.60000E-02     1.72539E-02      1.19545E+01
        160       2      1.60000E-02     1.72529E-02      1.18046E+01

 Rigid Airport Pavement
                   FAASR3D (version 1.0 ) compiled 04/15/19
 d i s c r e t e  e l e m e n t  d a t a  f o r  t i m e   s t e p     1 ( time = 1.0000E+00 )
                matl               length
      element  number     original        current           force

        161       2      1.60000E-02     1.72501E-02      1.20261E+01
        162       2      1.60000E-02     1.72449E-02      1.18806E+01
        163       2      1.60000E-02     1.72380E-02      1.20765E+01
        164       2      1.60000E-02     1.72288E-02      1.18853E+01
        165       2      1.60000E-02     1.72180E-02      1.20966E+01
        166       2      1.60000E-02     1.72050E-02      1.18929E+01
        167       2      1.60000E-02     1.71906E-02      1.20589E+01
        168       2      1.60000E-02     1.71741E-02      1.19053E+01
        169       2      1.60000E-02     1.71564E-02      1.20565E+01
        170       2      1.60000E-02     1.71368E-02      1.18499E+01
        171       2      1.60000E-02     1.71162E-02      1.20909E+01
        172       2      1.60000E-02     1.70934E-02      1.19291E+01
        173       3      1.60000E-02     1.70705E-02      2.34228E+01
        174       4      1.60000E-02     1.71719E-02      5.85067E+00
        175       5      1.60000E-02     1.71708E-02      1.14603E+01
        176       5      1.60000E-02     1.71682E-02      1.16870E+01
        177       5      1.60000E-02     1.71635E-02      1.14953E+01
        178       5      1.60000E-02     1.71571E-02      1.16630E+01
        179       5      1.60000E-02     1.71488E-02      1.14561E+01
        180       5      1.60000E-02     1.71390E-02      1.16321E+01
        181       5      1.60000E-02     1.71272E-02      1.14702E+01
        182       5      1.60000E-02     1.71140E-02      1.16424E+01
        183       5      1.60000E-02     1.70991E-02      1.14312E+01
        184       5      1.60000E-02     1.70829E-02      1.16797E+01
        185       5      1.60000E-02     1.70646E-02      1.15216E+01
        186       6      1.60000E-02     1.70461E-02      2.35139E+01
        187       7      1.60000E-02     1.69987E-02      3.51539E+01
        188       7      1.60000E-02     1.69233E-02      3.66004E+01
        189       7      1.60000E-02     1.68492E-02      3.91095E+01
        190       7      1.60000E-02     1.67834E-02      4.37228E+01
        191       7      1.60000E-02     1.67342E-02      5.02116E+01
        192       8      1.60000E-02     1.69826E-02      3.57955E+01
        193       8      1.60000E-02     1.69135E-02      3.73067E+01
        194       8      1.60000E-02     1.68440E-02      3.99055E+01
        195       8      1.60000E-02     1.67812E-02      4.45720E+01
        196       8      1.60000E-02     1.67337E-02      5.11105E+01
        197       9      1.60000E-02     1.67157E-02      2.67662E+01
        198      10      1.60000E-02     1.67157E-02      2.72198E+01
