
 Rigid Airport Pavement
                   FAASR3D (version 1.0 ) compiled 04/15/19
 d i s c r e t e  e l e m e n t  d a t a  f o r  t i m e   s t e p     1 ( time = 1.0000E+00 )
                matl               length
      element  number     original        current           force

          1       1      1.60000E-02     1.64867E-02     -1.02746E+02
          2       1      1.60000E-02     1.64945E-02      8.63312E+01
          3       2      1.60000E-02     1.65303E-02     -2.00308E+02
          4       2      1.60000E-02     1.65301E-02      1.83682E+02
          5       2      1.60000E-02     1.65679E-02     -1.94761E+02
          6       2      1.60000E-02     1.65712E-02      1.70613E+02
          7       2      1.60000E-02     1.66093E-02     -1.83130E+02
          8       2      1.60000E-02     1.66096E-02      1.66999E+02
          9       2      1.60000E-02     1.66471E-02     -1.83829E+02
         10       2      1.60000E-02     1.66504E-02      1.60257E+02
         11       2      1.60000E-02     1.66880E-02     -1.76502E+02
         12       2      1.60000E-02     1.66884E-02      1.60928E+02
         13       2      1.60000E-02     1.67247E-02     -1.80041E+02
         14       2      1.60000E-02     1.67283E-02      1.56843E+02
         15       2      1.60000E-02     1.67643E-02     -1.74452E+02
         16       2      1.60000E-02     1.67648E-02      1.59327E+02
         17       2      1.60000E-02     1.67989E-02     -1.79608E+02
         18       2      1.60000E-02     1.68028E-02      1.56412E+02
         19       2      1.60000E-02     1.68362E-02     -1.74939E+02
         20       2      1.60000E-02     1.68368E-02      1.59819E+02
         21       2      1.60000E-02     1.68679E-02     -1.81068E+02
         22       2      1.60000E-02     1.68722E-02      1.57632E+02
         23       2      1.60000E-02     1.69021E-02     -1.76835E+02
         24       2      1.60000E-02     1.69028E-02      1.61744E+02
         25       2      1.60000E-02     1.69302E-02     -1.83561E+02
         26       2      1.60000E-02     1.69348E-02      1.59836E+02
         27       2      1.60000E-02     1.69608E-02     -1.79532E+02
         28       2      1.60000E-02     1.69616E-02      1.64393E+02
         29       2      1.60000E-02     1.69847E-02     -1.86597E+02
         30       2      1.60000E-02     1.69897E-02      1.62523E+02
         31       2      1.60000E-02     1.70114E-02     -1.82607E+02
         32       2      1.60000E-02     1.70123E-02      1.67258E+02
         33       2      1.60000E-02     1.70310E-02     -1.89873E+02
         34       2      1.60000E-02     1.70362E-02      1.65272E+02
         35       2      1.60000E-02     1.70534E-02     -1.85573E+02
         36       2      1.60000E-02     1.70544E-02      1.70113E+02
         37       2      1.60000E-02     1.70685E-02     -1.92878E+02
         38       2      1.60000E-02     1.70740E-02      1.68050E+02
         39       2      1.60000E-02     1.70867E-02     -1.88319E+02
         40       2      1.60000E-02     1.70877E-02      1.72706E+02

 Rigid Airport Pavement
                   FAASR3D (version 1.0 ) compiled 04/15/19
 d i s c r e t e  e l e m e n t  d a t a  f o r  t i m e   s t e p     1 ( time = 1.0000E+00 )
                matl               length
      element  number     original        current           force

         41       2      1.60000E-02     1.70973E-02     -1.95559E+02
         42       2      1.60000E-02     1.71029E-02      1.70435E+02
         43       2      1.60000E-02     1.71112E-02     -1.90651E+02
         44       2      1.60000E-02     1.71122E-02      1.74977E+02
         45       2      1.60000E-02     1.71175E-02     -1.97781E+02
         46       2      1.60000E-02     1.71232E-02      1.72340E+02
         47       2      1.60000E-02     1.71272E-02     -1.92570E+02
         48       2      1.60000E-02     1.71282E-02      1.76747E+02
         49       2      1.60000E-02     1.71292E-02     -1.99326E+02
         50       2      1.60000E-02     1.71351E-02      1.73811E+02
         51       2      1.60000E-02     1.71349E-02     -1.93835E+02
         52       2      1.60000E-02     1.71359E-02      1.78014E+02
         53       2      1.60000E-02     1.71329E-02     -2.00357E+02
         54       2      1.60000E-02     1.71388E-02      1.74803E+02
         55       2      1.60000E-02     1.71347E-02     -1.94552E+02
         56       2      1.60000E-02     1.71357E-02      1.78680E+02
         57       2      1.60000E-02     1.71289E-02     -2.00880E+02
         58       2      1.60000E-02     1.71347E-02      1.75271E+02
         59       2      1.60000E-02     1.71269E-02     -1.94685E+02
         60       2      1.60000E-02     1.71280E-02      1.78824E+02
         61       2      1.60000E-02     1.71175E-02     -2.00809E+02
         62       2      1.60000E-02     1.71233E-02      1.75197E+02
         63       2      1.60000E-02     1.71120E-02     -1.94362E+02
         64       2      1.60000E-02     1.71130E-02      1.78508E+02
         65       2      1.60000E-02     1.70992E-02     -2.00036E+02
         66       2      1.60000E-02     1.71049E-02      1.74694E+02
         67       2      1.60000E-02     1.70903E-02     -1.93578E+02
         68       2      1.60000E-02     1.70913E-02      1.77962E+02
         69       2      1.60000E-02     1.70744E-02     -1.99050E+02
         70       2      1.60000E-02     1.70800E-02      1.73845E+02
         71       2      1.60000E-02     1.70624E-02     -1.92561E+02
         72       2      1.60000E-02     1.70633E-02      1.76917E+02
         73       2      1.60000E-02     1.70436E-02     -1.97693E+02
         74       2      1.60000E-02     1.70490E-02      1.72969E+02
         75       2      1.60000E-02     1.70287E-02     -1.91469E+02
         76       2      1.60000E-02     1.70296E-02      1.75633E+02
         77       2      1.60000E-02     1.70071E-02     -1.96814E+02
         78       2      1.60000E-02     1.70128E-02      1.71070E+02
         79       2      1.60000E-02     1.69904E-02     -1.87406E+02
         80       2      1.60000E-02     1.69907E-02      1.75534E+02

 Rigid Airport Pavement
                   FAASR3D (version 1.0 ) compiled 04/15/19
 d i s c r e t e  e l e m e n t  d a t a  f o r  t i m e   s t e p     1 ( time = 1.0000E+00 )
                matl               length
      element  number     original        current           force

         81       3      1.60000E-02     1.69669E-02     -3.75145E+02
         82       3      1.60000E-02     1.69709E-02      3.32913E+02
         83       4      1.60000E-02     1.70560E-02     -9.48773E+01
         84       4      1.60000E-02     1.70620E-02      8.57764E+01
         85       5      1.60000E-02     1.70583E-02     -1.82915E+02
         86       5      1.60000E-02     1.70589E-02      1.75604E+02
         87       5      1.60000E-02     1.70529E-02     -1.89095E+02
         88       5      1.60000E-02     1.70585E-02      1.71711E+02
         89       5      1.60000E-02     1.70515E-02     -1.83271E+02
         90       5      1.60000E-02     1.70525E-02      1.74941E+02
         91       5      1.60000E-02     1.70433E-02     -1.88361E+02
         92       5      1.60000E-02     1.70486E-02      1.71455E+02
         93       5      1.60000E-02     1.70385E-02     -1.82578E+02
         94       5      1.60000E-02     1.70395E-02      1.74438E+02
         95       5      1.60000E-02     1.70272E-02     -1.87658E+02
         96       5      1.60000E-02     1.70324E-02      1.70781E+02
         97       5      1.60000E-02     1.70193E-02     -1.81754E+02
         98       5      1.60000E-02     1.70203E-02      1.73786E+02
         99       5      1.60000E-02     1.70050E-02     -1.86638E+02
        100       5      1.60000E-02     1.70101E-02      1.70228E+02
        101       5      1.60000E-02     1.69941E-02     -1.81232E+02
        102       5      1.60000E-02     1.69951E-02      1.72812E+02
        103       5      1.60000E-02     1.69770E-02     -1.86224E+02
        104       5      1.60000E-02     1.69824E-02      1.68685E+02
        105       5      1.60000E-02     1.69642E-02     -1.77519E+02
        106       5      1.60000E-02     1.69644E-02      1.73272E+02
        107       6      1.60000E-02     1.69447E-02     -3.69150E+02
        108       6      1.60000E-02     1.69486E-02      3.41113E+02
        109       7      1.60000E-02     1.69034E-02     -5.48790E+02
        110       7      1.60000E-02     1.69059E-02      4.93404E+02
        111       7      1.60000E-02     1.68352E-02     -5.49649E+02
        112       7      1.60000E-02     1.68378E-02      4.96487E+02
        113       7      1.60000E-02     1.67681E-02     -5.61618E+02
        114       7      1.60000E-02     1.67704E-02      5.08964E+02
        115       7      1.60000E-02     1.67078E-02     -5.89761E+02
        116       7      1.60000E-02     1.67102E-02      5.39368E+02
        117       7      1.60000E-02     1.66630E-02     -6.53577E+02
        118       7      1.60000E-02     1.66639E-02      6.01081E+02
        119       8      1.60000E-02     1.68888E-02     -5.47847E+02
        120       8      1.60000E-02     1.68913E-02      5.12738E+02

 Rigid Airport Pavement
                   FAASR3D (version 1.0 ) compiled 04/15/19
 d i s c r e t e  e l e m e n t  d a t a  f o r  t i m e   s t e p     1 ( time = 1.0000E+00 )
                matl               length
      element  number     original        current           force

        121       8      1.60000E-02     1.68265E-02     -5.49874E+02
        122       8      1.60000E-02     1.68290E-02      5.16961E+02
        123       8      1.60000E-02     1.67635E-02     -5.62691E+02
        124       8      1.60000E-02     1.67657E-02      5.30054E+02
        125       8      1.60000E-02     1.67058E-02     -5.91517E+02
        126       8      1.60000E-02     1.67083E-02      5.61086E+02
        127       8      1.60000E-02     1.66626E-02     -6.55637E+02
        128       8      1.60000E-02     1.66634E-02      6.22925E+02
        129       9      1.60000E-02     1.66377E-02     -3.78609E+02
        130      10      1.60000E-02     1.66377E-02     -3.79715E+02
        131       9      1.60000E-02     1.66460E-02      3.24717E+02
        132      10      1.60000E-02     1.66460E-02      3.35810E+02
        133       1      1.60000E-02     1.64993E-02      5.81834E+00
        134       2      1.60000E-02     1.65369E-02      1.15060E+01
        135       2      1.60000E-02     1.65759E-02      1.15008E+01
        136       2      1.60000E-02     1.66153E-02      1.07967E+01
        137       2      1.60000E-02     1.66548E-02      1.05557E+01
        138       2      1.60000E-02     1.66937E-02      1.01238E+01
        139       2      1.60000E-02     1.67322E-02      1.00783E+01
        140       2      1.60000E-02     1.67697E-02      9.80755E+00
        141       2      1.60000E-02     1.68063E-02      9.89088E+00
        142       2      1.60000E-02     1.68414E-02      9.70489E+00
        143       2      1.60000E-02     1.68753E-02      9.87071E+00
        144       2      1.60000E-02     1.69073E-02      9.76602E+00
        145       2      1.60000E-02     1.69377E-02      9.99559E+00
        146       2      1.60000E-02     1.69659E-02      9.91606E+00
        147       2      1.60000E-02     1.69925E-02      1.01806E+01
        148       2      1.60000E-02     1.70166E-02      1.01154E+01
        149       2      1.60000E-02     1.70389E-02      1.04104E+01
        150       2      1.60000E-02     1.70587E-02      1.03644E+01
        151       2      1.60000E-02     1.70767E-02      1.06459E+01
        152       2      1.60000E-02     1.70921E-02      1.05860E+01
        153       2      1.60000E-02     1.71057E-02      1.08813E+01
        154       2      1.60000E-02     1.71168E-02      1.08077E+01
        155       2      1.60000E-02     1.71261E-02      1.10862E+01
        156       2      1.60000E-02     1.71329E-02      1.09880E+01
        157       2      1.60000E-02     1.71381E-02      1.12518E+01
        158       2      1.60000E-02     1.71408E-02      1.11218E+01
        159       2      1.60000E-02     1.71419E-02      1.13750E+01
        160       2      1.60000E-02     1.71407E-02      1.12440E+01

 Rigid Airport Pavement
                   FAASR3D (version 1.0 ) compiled 04/15/19
 d i s c r e t e  e l e m e n t  d a t a  f o r  t i m e   s t e p     1 ( time = 1.0000E+00 )
                matl               length
      element  number     original        current           force

        161       2      1.60000E-02     1.71379E-02      1.14331E+01
        162       2      1.60000E-02     1.71330E-02      1.12993E+01
        163       2      1.60000E-02     1.71266E-02      1.15002E+01
        164       2      1.60000E-02     1.71181E-02      1.13036E+01
        165       2      1.60000E-02     1.71083E-02      1.15165E+01
        166       2      1.60000E-02     1.70965E-02      1.13288E+01
        167       2      1.60000E-02     1.70834E-02      1.14733E+01
        168       2      1.60000E-02     1.70685E-02      1.12959E+01
        169       2      1.60000E-02     1.70525E-02      1.14821E+01
        170       2      1.60000E-02     1.70349E-02      1.12764E+01
        171       2      1.60000E-02     1.70164E-02      1.14715E+01
        172       2      1.60000E-02     1.69959E-02      1.13422E+01
        173       3      1.60000E-02     1.69754E-02      2.22580E+01
        174       4      1.60000E-02     1.70649E-02      5.55318E+00
        175       5      1.60000E-02     1.70640E-02      1.09137E+01
        176       5      1.60000E-02     1.70616E-02      1.11262E+01
        177       5      1.60000E-02     1.70574E-02      1.09049E+01
        178       5      1.60000E-02     1.70518E-02      1.11033E+01
        179       5      1.60000E-02     1.70444E-02      1.09087E+01
        180       5      1.60000E-02     1.70357E-02      1.10504E+01
        181       5      1.60000E-02     1.70252E-02      1.08756E+01
        182       5      1.60000E-02     1.70134E-02      1.10851E+01
        183       5      1.60000E-02     1.70002E-02      1.08713E+01
        184       5      1.60000E-02     1.69857E-02      1.10893E+01
        185       5      1.60000E-02     1.69694E-02      1.09343E+01
        186       6      1.60000E-02     1.69528E-02      2.23225E+01
        187       7      1.60000E-02     1.69109E-02      3.33773E+01
        188       7      1.60000E-02     1.68430E-02      3.46739E+01
        189       7      1.60000E-02     1.67762E-02      3.70481E+01
        190       7      1.60000E-02     1.67166E-02      4.14902E+01
        191       7      1.60000E-02     1.66718E-02      4.77981E+01
        192       8      1.60000E-02     1.68961E-02      3.39529E+01
        193       8      1.60000E-02     1.68341E-02      3.53239E+01
        194       8      1.60000E-02     1.67714E-02      3.77647E+01
        195       8      1.60000E-02     1.67146E-02      4.22593E+01
        196       8      1.60000E-02     1.66713E-02      4.86318E+01
        197       9      1.60000E-02     1.66549E-02      2.54991E+01
        198      10      1.60000E-02     1.66549E-02      2.59077E+01
